0: 
[[ 333  411  500  396  261  232  241  250  277  295]
 [ 727 1827 2047 2047 2047 1840 1780 1697 1424  866]
 [ 855 2047 2047 2047 2047 2047 2047 2047 2047 1835]
 [ 143  212  358  560  870 1040 1562 2047 2047 1479]
 [ 144    0    0    0    0    0  895 2047 2047  650]
 [ 390  388  367  311  221  705 2047 2047 1256  265]
 [ 390  390  379  298  399 1492 2047 1993  481  246]
 [ 390  387  336  332 1017 2047 2047 1156  254  355]
 [ 390  367  309  650 1958 2047 1750  396  263  392]
 [ 390  350  512 1664 2047 2047  858  222  364  390]]
1: 
[[ 51  80  68   0  14  51  63  65  58  22]
 [ 70 181 258 190  99  44  37  63  62   0]
 [191 479 730 797 737 698 686 720 569 249]
 [ 61 108 200 283 358 410 516 671 554 316]
 [ 24   0   0   0   0   0 163 398 340 217]
 [ 67  67  62  51  35 145 416 437 294 113]
 [ 67  67  64  41  72 262 417 323 174  60]
 [ 67  65  51  50 177 416 419 292 103  62]
 [ 67  58  40 123 363 450 334 164  61  68]
 [ 67  47  47 233 473 384 202  69  63  67]]
2: 
[[ 211  308  424  418  317  265  261  267  244  202]
 [ 267  719 1342 1467 1237 1095 1074 1092 1001  680]
 [ 329  841 1489 1723 1711 1719 1756 1904 1887 1276]
 [  88  198  471  622  710  752  961 1553 1961 1276]
 [ 130  118  127  116   89  102  564 1492 1719  845]
 [ 247  246  234  210  147  288  965 1687 1284  444]
 [ 247  247  239  191  192  554 1401 1615  773  266]
 [ 247  244  217  181  387 1105 1750 1223  400  239]
 [ 247  228  176  291  810 1556 1496  664  258  246]
 [ 247  208  183  596 1517 1894 1102  352  239  247]]
3: 
[[ 128  331  317  175  122  126  135  148  110   67]
 [ 418  921  853  561  532  582  582  614  356   15]
 [ 342  652  418  185  282  350  494  738  250    0]
 [ 150  151    0    0    0    0  258  595    0    0]
 [  89   63    0    0    0   89  814  539    0    0]
 [  86   85   85   39   67  700 1148   70    0    0]
 [  86   86   62   27  375 1113  746    0    0    0]
 [  86   79   31  187  871 1111    0    0    0   62]
 [  86   43   66  589 1179  492    0    0    0   87]
 [  86   47  325 1157 1091    0    0    0   68   86]]
4: 
[[  0   0   0   0   0   0   0   0   0   0]
 [  0  45 135 144 129 108  99  94  40   0]
 [  0   0   0   0   0   0   0  28  12   0]
 [  0   0   0   0   0   0   0   0   0   0]
 [  0   0   0   0   0   0   0   0   0   0]
 [  0   0   0   0   0   0   0   0   0   0]
 [  0   0   0   0   0   0   0   0   0   0]
 [  0   0   0   0   0   0  12   0   0   0]
 [  0   0   0   0   0   0   0   0   0   0]
 [  0   0   0   5  63  22   0   0   0   0]]
5: 
[[ 58   0   0   0  19  71  79  70  63  70]
 [  0   0   0   0   0   0   0   0   0   0]
 [ 42 190 344 311 184 134  63   0  12 137]
 [308 553 616 596 651 661 440 255 370 313]
 [165 228 234 276 315 162   0 210 439 248]
 [ 75  75  83 107  42   0  16 514 427 129]
 [ 75  75  82  75   0   0 273 505 214  62]
 [ 75  76  85   0   0  23 523 383 116  71]
 [ 75  84  35   0   0 405 554 202  64  76]
 [ 75  55   0   0  73 485 281  74  73  75]]
6: 
[[  82    0    0    0    0    7   18   22   58  100]
 [ 283  634  791  561  354  293  281  234  179  158]
 [ 768 1638 1995 1870 1784 1769 1676 1529 1156  492]
 [ 349  617  755  884 1079 1144 1288 1651 1357  428]
 [  77   49   14   16    0   60  718 1455  887  141]
 [ 164  161  155  137  103  469 1389 1405  406   48]
 [ 164  164  165  124  206  893 1553  823   77   91]
 [ 164  165  142  128  548 1467 1353  351   48  147]
 [ 164  161  126  332 1150 1579  716   65  101  164]
 [ 164  146  251  884 1648 1136  197   51  151  164]]
7: 
[[ 37   0   0  52 100 115 111 106 117 109]
 [  0   0   0   0   0   0   0   0   0  36]
 [ 74  93 136 148  23   0   0   0   0 112]
 [246 503 739 856 831 773 596 430 429 461]
 [134 218 325 403 470 425 302 392 592 549]
 [ 58  58  64  89  60   0  11 359 627 392]
 [ 58  58  68  61   0   0 168 526 567 185]
 [ 58  61  68   0   0   0 363 602 351  72]
 [ 58  72  37   0   0 264 608 539 165  56]
 [ 58  48   0   0   0 427 618 296  66  58]]
8: 
[[ 61  22   5  10  43  64  63  60  76  80]
 [ 70   0   0   0   0   0   0   0   0   0]
 [ 65  31   0   0   0   0   0   0   0   0]
 [ 66 168 324 425 392 380 319 197  73 101]
 [ 57 106 161 207 272 307 224 118 141 249]
 [ 46  46  45  60 101  51   0   0 185 252]
 [ 46  46  53  79  67   0   0  76 284 158]
 [ 46  48  67  80   1   0   0 191 236  62]
 [ 46  60  87  41   0   0 131 294 143  43]
 [ 46  73  88   0   0   0 240 221  58  46]]
9: 
[[ 127   63    0    0   67  119  133  134  133  152]
 [ 125  242  272  104    0    0    0    0   14   33]
 [ 594 1347 1693 1424 1221 1164 1099 1006  738  300]
 [ 663 1307 1587 1555 1630 1651 1657 1770 1401  474]
 [ 322  470  538  626  673  673 1125 1778 1294  288]
 [ 209  208  214  224  155  395 1339 1789  798  111]
 [ 209  209  207  157  147  756 1727 1328  260  119]
 [ 209  209  181   94  374 1367 1744  697   83  188]
 [ 209  199  122  208  969 1814 1226  235  127  210]
 [ 209  167  124  615 1613 1576  490   84  192  209]]
10: 
[[0 0 0 0 0 0 0 0 0 0]
 [0 0 0 0 0 0 0 0 0 0]
 [0 0 0 0 0 0 0 0 0 0]
 [0 0 0 0 0 0 0 0 0 0]
 [0 0 0 0 0 0 0 0 0 0]
 [0 0 0 0 0 0 0 0 0 0]
 [0 0 0 0 0 0 0 0 0 0]
 [0 0 0 0 0 0 0 0 0 0]
 [0 0 0 0 0 0 0 0 0 0]
 [0 0 0 0 0 0 0 0 0 0]]
11: 
[[ 0  0  0  0  0  0  0  0  0  0]
 [ 0  0  0  0  0  0  0  0  0  0]
 [ 0  0  0  0  0  0  0  0  0  0]
 [ 0  0  0  0  0  0  0  0  0  0]
 [ 0  0  1  3 11  0  0  0  0  0]
 [ 0  0  0  0  0  0  0  0  0  0]
 [ 0  0  0  0  0  0  0  0  0  0]
 [ 0  0  0  0  0  0  0  0  0  0]
 [ 0  0  0  0  0  0  0  0  0  0]
 [ 0  0  0  0  0  0  0  0  0  0]]
