0: 
[[ 70  70  70  70  70  70  70  70  70  70  70  70]
 [ 70  76 145 203 154  88  70  70  70  70  70  70]
 [ 70  53 219 424 415 354 336 336 342 333 164  70]
 [ 70  21  56 180 222 260 275 299 353 488 246  70]
 [ 70   5   0   0   0   0   0  29 221 394 157  70]
 [ 70  70  70  67  56  35  27 116 344 265  79  70]
 [ 70  70  70  70  70  66  76 220 364 116  69  70]
 [ 70  70  70  70  70  62 120 338 232  71  70  70]
 [ 70  70  70  70  59 104 277 355 118  73  70  70]
 [ 70  70  70  64  91 186 341 169  67  70  70  70]
 [ 70  70  70  56 121 379 373 102  72  70  70  70]
 [ 70  70  70  28  81 328 228  78  70  70  70  70]]
1: 
[[ 86  86  86  86  86  86  86  86  86  86  86  86]
 [ 86  67   7   0   5  67  86  86  86  86  86  86]
 [ 86  51 105 128  54   0   0   0   0   0  18  86]
 [ 86 205 579 857 775 676 636 607 530 459 230  86]
 [ 86 171 326 470 541 623 674 641 740 713 363  86]
 [ 86  86  86  86 108 130  94 225 601 625 204  86]
 [ 86  86  86  86  86  80  69 444 721 409  93  86]
 [ 86  86  86  86  85  38 203 609 588 158  86  86]
 [ 86  86  86  86  56  68 463 702 370  84  86  86]
 [ 86  86  86  76  38 302 713 566 144  86  86  86]
 [ 86  86  86  48 147 537 638 259  85  86  86  86]
 [ 86  86  86 126 556 906 555 131  86  86  86  86]]
2: 
[[ 64  64  64  64  64  64  64  64  64  64  64  64]
 [ 64  77  50   0   0  44  64  64  64  64  64  64]
 [ 64 105 166 136  62   0   0   0   0   0   3  64]
 [ 64 222 463 530 457 425 433 441 387 206  77  64]
 [ 64 158 277 262 312 347 378 420 464 232  72  64]
 [ 64  64  64  67  90 103 139 299 393 192  23  64]
 [ 64  64  64  64  64  70 194 433 347  82  43  64]
 [ 64  64  64  64  65  92 318 401 144  20  64  64]
 [ 64  64  64  64  75 207 423 337  66  55  64  64]
 [ 64  64  64  70 139 353 407 148  17  64  64  64]
 [ 64  64  64 103 295 419 226  25  59  64  64  64]
 [ 64  64  64 195 528 499 136  50  64  64  64  64]]
3: 
[[ 46  46  46  46  46  46  46  46  46  46  46  46]
 [ 46  31  21  26  42  47  46  46  46  46  46  46]
 [ 46   0  60 257 239 142 103 103 113 147 105  46]
 [ 46  66 265 537 523 470 459 454 430 472 318  46]
 [ 46  63 148 222 261 322 360 317 441 644 309  46]
 [ 46  46  46  43  56  62   9  64 470 578 130  46]
 [ 46  46  46  46  46  46   1 236 645 308  50  46]
 [ 46  46  46  46  46   0  49 499 550  98  46  46]
 [ 46  46  46  46  21   3 297 642 272  40  46  46]
 [ 46  46  46  43   0 141 588 478  86  46  46  46]
 [ 46  46  46   0  34 448 621 201  42  46  46  46]
 [ 46  46  46  26 231 708 489  80  46  46  46  46]]
