0:
[[ 94 273 249 424]
 [  0   0   0 357]
 [ 69  14  82 482]
 [ 49   0 370 274]]
1:
[[ 390  867  886 1062]
 [   0    0    0  192]
 [   0    0    0  215]
 [   0    0   16  263]]
2:
[[194 426 527 538]
 [149  98  79   0]
 [135 404 114  33]
 [131 234   0  52]]
3:
[[  85  490  419  818]
 [   0    0    0  836]
 [ 115   63    0 1811]
 [  96    0  724 1606]]
4:
[[343 119 149  27]
 [419 187 298 166]
 [ 20  44 705 123]
 [  4 404 559   0]]
5:
[[ 197  412  275  317]
 [ 766 1036  706 1325]
 [  74   15  123 1487]
 [ 120    0 1007  982]]
6:
[[ 121   97    0    0]
 [1380 1798  813  302]
 [  23   38    0  949]
 [   2    0  389  973]]
7:
[[256 338 382 688]
 [  0   0   0 392]
 [ 50  17 151 463]
 [ 16  36 484  79]]
8:
[[ 845  529  658  441]
 [  13    0  249  153]
 [  12  265 1231   23]
 [  58 1048  494    0]]
9:
[[ 60 116 100 313]
 [ 24   1   0 437]
 [  1   0 174 284]
 [  4  53 402  23]]
10:
[[303 262 161  82]
 [429 386 241 278]
 [ 94  20 496 193]
 [ 15 151 508   4]]
11:
[[0 0 0 0]
 [0 0 0 0]
 [0 0 0 0]
 [0 0 0 0]]
12:
[[ 408  580  598 1060]
 [   0    0    0   68]
 [  57   38   18    0]
 [  65  109   76    0]]
13:
[[ 424  654  559  919]
 [  15    0    0 1240]
 [  95   11  356 1260]
 [  54    0 1274  342]]
14:
[[747 706 557 299]
 [612 739 799 842]
 [ 78  16 459 643]
 [ 56  64 850 176]]
15:
[[764 904 774 823]
 [  0   5   6 660]
 [ 72   4 580 352]
 [ 26 206 769  16]]
16:
[[   0    0    0    0]
 [1069 1342  583  147]
 [   0    0    0  518]
 [   1    0  173  668]]
17:
[[ 838 1198 1281 1601]
 [ 127    0  149   47]
 [ 237  557  450   54]
 [ 219  641   66   86]]
18:
[[ 288  114    5   83]
 [ 360  271   18  726]
 [  21    0  314  880]
 [  14    0 1149  157]]
19:
[[ 999 1274  973  570]
 [   0   91  356  400]
 [  13   13    0   81]
 [   8   71   13  253]]
20:
[[1304 1174  618   37]
 [1331 1664 1196  958]
 [  44    0  185 1062]
 [  29    0 1009  492]]
21:
[[1387 1404 1789 1785]
 [   0    0  195  134]
 [  53  570 1339    0]
 [ 208 1753  308    0]]
22:
[[ 15   0   0   0]
 [265 335 394   0]
 [ 23 272 138   5]
 [ 98 240   0 106]]
23:
[[ 469  970  958 1101]
 [   0    0    0  192]
 [  42   12    0  216]
 [  41    0   33  236]]
24:
[[ 48   0   6   0]
 [  0   0  41   0]
 [  3 164  74   0]
 [ 44 208   0   5]]
25:
[[231 439 521 641]
 [  0   0   0  35]
 [ 19  62  21  78]
 [ 17  57 102  16]]
26:
[[1115 1391 1319 1400]
 [   0    0   66  731]
 [  74    1  489  288]
 [  44  316  554   53]]
27:
[[ 848  908 1075  960]
 [   0    0    2    0]
 [   7  567  624    0]
 [ 185 1163    0    3]]
28:
[[ 512  355   30    0]
 [1258 1864 2036  685]
 [  12   18    9  209]
 [  21   16   50  470]]
29:
[[0 0 0 0]
 [0 0 0 0]
 [0 0 0 0]
 [0 0 0 0]]
30:
[[   0    0    0    0]
 [ 874 1061  431  159]
 [  15   14    0  631]
 [  34    0  290  597]]
31:
[[ 47  46  13 222]
 [  0   0   0 306]
 [  0   0  24 342]
 [  0   0 202 158]]
32:
[[ 99 441 482 704]
 [  7   0   0 112]
 [ 58  66   0 366]
 [ 62   0  95 406]]
33:
[[  0   0   0   0]
 [  0  38   0   6]
 [  0   0   0 302]
 [  0   0  23 549]]
34:
[[1710 1034 1008  588]
 [ 192  176  981  710]
 [  19  209 1544   88]
 [  61 1260  752    0]]
35:
[[ 380   59    0    0]
 [1043 1312 1054   51]
 [   0    0    0    0]
 [   0    0    0    3]]
36:
[[1219 1114 1031  505]
 [   0    0  226   82]
 [  28  235  780    0]
 [  96  834  355    0]]
37:
[[  0   0   0   0]
 [312 375 125   0]
 [  0   0   0   7]
 [  0   0   0  16]]
38:
[[  0   0   0   0]
 [172 321 129   0]
 [  0  14   0  21]
 [  0   0   0 113]]
39:
[[1446 1302 1201  879]
 [   0    0  192  405]
 [  70  129 1063  110]
 [  14  782  648    0]]
40:
[[771 500 450 440]
 [  0   7 363 567]
 [ 18 103 485  26]
 [ 72 527 179   0]]
41:
[[ 531  380  120    0]
 [1022 1196  866  717]
 [  13    0  221  647]
 [  11   15  707  281]]
42:
[[ 650  996 1073 1236]
 [   0    0    0    0]
 [ 118  283   80    0]
 [  60  212    0    0]]
43:
[[436 678 722 885]
 [ 15   0  49   0]
 [110 331 135  55]
 [138 288   0 169]]
44:
[[   0    0    0    0]
 [ 912 1106  569  127]
 [  75  172    0  576]
 [ 115    3  182  692]]
45:
[[  0   0   0   0]
 [592 836 745  49]
 [  0  16   0  61]
 [ 30  14   0 272]]
46:
[[1306 1613 1374 1531]
 [  92  232  388 1713]
 [ 108    0  839 1072]
 [  72  284 1539  253]]
47:
[[645 450 399 315]
 [165 210 398 538]
 [ 26   0 282 136]
 [ 41 195 351   0]]
