001100100100001000110001001001110001111001110111
000011001000001101000100100100011100011101000010
001101101111001100000001010010100101100001101100
111001110111001001001110100111001001110110001001
000100000001110101101000000000100110000001100101
101100000100010111101000101111101010111101001110
110001111001001111001110001000100111111001000111
000010010100101000100011100100001001000100100001
000011100001110100001100100000101111100101000100
111001110100111001001001001001001110001001000100
001110000000001100101110101100110000101101100000
111010000111110110111010101001100111111110000111
001001001110110110001001111111000110110110110110
101110100011001000100101001000101000000011000000
110100101100101110001110101101100000111101000101
110110001001001110110001111110111001111001111001
000001101100110000001110000011000100001100001100
000101000001010101101100101100011101110011111100
001001111110001001001001001111111110100001001001
101101001000110100101100101000001000000010000001
001110101000011011000101101101010000101011011001
100000001111111001110110110111110110001110001001
000100100001000100011000011000010011100011100101
111000011111100101101000100101100100101101101110
001000111111001001110110111110110111111001111001
110100010000111110000000001000001001000110010110
100000100101000100000111110000101111111000101100
111110001000110110001111111111001110110110111001
000011110101000001101000000010101000001000010101
101100011100000101111111111101110111101101100001
111111001000001110001110001001001001111111000110
001001110100100010110000110101100101010000100000
111110011000101101101111000101101110100010000101
111111110111001001111001110001111001110110111110
001000000001110101000110000100000110000001000011
110100000111100000101010000100101110111101101101
110001001001001000111110111000001111001111111110
000110101100110100010011000100110000111010001000
000100000001100000101101101000100101000100010000
110110110110110110000000000110000110110110110000
000000000000000000100100100000100000000000000100
000000000000000000000000000000000000000000000000
000000000110000000110110110000110000000000110000
100100100000100100000000000100000100100100000100
000000000000000000000000000000000000000000000000
000110000000110110110110110000000000000110110110
100000100100000000000000000100100100100000000000
000000000000000000000000000000000000000000000000
